# Created by Octave 4.2.1, Thu Mar 22 10:15:32 2018 PDT <computer-science@computerscience-VirtualBox>
# name: P
# type: matrix
# rows: 3
# columns: 1
 12
 30
 48


