A = [1 2;3 4;5 6];
C = [1 1; 2 2];
M = A * C